7.25995
2.79395
1.65434
1.47311
1.42
1.33263
1.35692
1.33274
1.38358
1.38655
1.41592
1.41172
1.38417
1.42022
1.44471
1.39327
1.39621
1.44621
1.39998
1.40647
1.42437
1.41344
1.42261
1.41661
1.41535
1.41138
1.46394
1.49512
1.5424
1.40618
1.45588
1.43752
1.43941
1.47068
1.46149
1.44817
1.45726
1.4289
1.48038
1.51655
1.51265
1.51094
1.46349
1.49134
1.5038
1.47141
1.52856
1.52876
1.50299
1.51537
1.48855
1.47509
1.53889
1.45732
1.49606
1.57275
1.53127
1.46111
1.46647
1.45316
1.49202
1.47974
1.46117
1.49089
1.49622
1.50386
1.49228
1.49651
1.49755
1.50044
1.50976
1.5225
1.52697
1.51614
1.50151
1.50129
1.49554
1.56932
1.55846
1.47211
1.4767
1.5037
1.49
1.53477
1.50891
1.48437
1.4926
1.50848
1.47801
1.49089
1.44705
1.46699
1.44652
1.51351
1.49253
1.59115
1.48216
1.4969
1.52255
1.53772
1.51505
1.52265
1.53849
1.60808
1.50766
1.46909
1.48592
1.46553
1.47473
1.47312
1.48564
1.54827
1.49874
1.55848
1.50258
1.47598
1.52631
1.51544
1.50012
1.53158
1.51872
1.47704
1.50712
1.46747
1.47634
