8.14194
3.27731
2.04109
1.54197
1.78351
1.53315
1.38556
1.34403
1.34544
1.30364
1.27945
1.29759
1.34382
1.32384
1.38177
1.2989
1.31852
1.29646
1.2712
1.29908
1.28234
1.27197
1.32348
1.31958
1.29291
1.30378
1.30918
1.3579
1.30252
1.29673
1.32698
1.34361
1.32236
1.32491
1.30631
1.31824
1.31438
1.33453
1.34165
1.27814
1.27678
1.3129
1.29603
1.33016
1.35694
1.32932
1.30552
1.29558
1.29608
1.28377
1.32961
1.31924
1.27916
1.28943
1.26966
1.27169
1.27602
1.29043
1.32508
1.33076
1.25167
1.29846
1.29246
1.29927
1.29835
1.30765
1.32816
1.2906
1.24983
1.27822
1.32219
1.31555
1.30875
1.27948
1.26328
1.27502
1.28756
1.25609
1.26364
1.25431
1.26351
1.31063
1.30805
1.2936
1.26231
1.27494
1.26138
1.27269
1.28657
1.26489
1.27011
1.29014
1.26014
1.28989
1.26734
1.31979
1.27186
1.25119
1.23698
1.25809
1.27339
1.33725
1.26021
1.25683
1.23528
1.25539
1.27223
1.23153
1.22561
1.23642
1.26098
1.2643
1.24951
1.25518
1.29273
1.3054
1.27491
1.26504
1.2567
1.27382
1.23684
1.28668
1.27438
1.33283
1.32619
