7.61245
1.75544
1.38204
1.25791
1.31829
1.18775
1.21106
1.18681
1.17486
1.23487
1.36442
1.19135
1.20263
1.19765
1.22084
1.24
1.23935
1.19407
1.21543
1.20443
1.2195
1.22687
1.19781
1.17597
1.18533
1.18984
1.19656
1.19682
1.19992
1.20375
1.21195
1.21895
1.21728
1.22173
1.22546
1.27854
1.1965
1.20091
1.18608
1.20762
1.19887
1.21833
1.23688
1.19648
1.19845
1.22265
1.22313
1.20922
1.18689
1.23042
1.21751
1.19758
1.21167
1.24965
1.21529
1.23406
1.23559
1.23922
1.24258
1.24375
1.24671
1.2486
1.25187
1.25526
1.26701
1.26616
1.27682
1.2562
1.27678
1.23858
1.27841
1.21295
1.20151
1.17992
1.19885
1.20304
1.22384
1.19086
1.18742
1.19044
1.21595
1.24495
1.24111
1.23238
1.22288
1.1963
1.22987
1.23316
1.23572
1.24065
1.24489
1.23388
1.21348
1.21383
1.20488
1.22266
1.20155
1.22076
1.24503
1.29875
1.18429
1.21325
1.27303
1.18836
1.18062
1.1878
1.19817
1.19995
1.20202
1.205
1.20893
1.20484
1.2063
1.20936
1.20783
1.24931
1.23471
1.24816
1.25734
1.24033
1.25599
1.25096
1.21816
1.23395
1.24176
