9.83384
4.10088
2.71004
1.92444
1.44989
1.437
1.3676
1.32447
1.32151
1.39488
1.44497
1.33187
1.39079
1.33423
1.33217
1.45487
1.36723
1.38577
1.35933
1.38874
1.45255
1.39665
1.44025
1.38808
1.44153
1.42179
1.39824
1.42259
1.44775
1.40111
1.39949
1.47537
1.46827
1.43466
1.39838
1.45735
1.50844
1.5375
1.39695
1.44689
1.42551
1.44647
1.45112
1.42198
1.49117
1.45286
1.47036
1.48647
1.464
1.43728
1.49764
1.45882
1.42397
1.44689
1.45647
1.45634
1.52447
1.45766
1.50424
1.49529
1.49496
1.4954
1.48827
1.46426
1.45577
1.4644
1.46556
1.4747
1.47004
1.49775
1.47639
1.47557
1.54118
1.48261
1.47046
1.5325
1.5128
1.54359
1.56388
1.65158
1.49952
1.56387
1.51826
1.55054
1.56901
1.49162
1.58295
1.53667
1.58636
1.59067
1.54276
1.58479
1.57492
1.57908
1.56613
1.5586
1.55143
1.53467
1.53601
1.57209
1.52222
1.48435
1.48388
1.48979
1.49654
1.52103
1.51365
1.5785
1.57704
1.48935
1.53065
1.5926
1.56573
1.56542
1.54025
1.59695
1.60329
1.54094
1.51937
1.53302
1.56571
1.57636
1.56851
1.54817
1.51293
