8.56967
2.51228
1.62301
1.17866
1.13273
1.06615
1.05828
1.03871
1.05978
1.06398
1.04695
1.03541
1.04073
1.03962
1.03429
1.05767
1.03174
1.03129
1.0425
1.03353
1.03267
1.02965
1.02772
1.02725
1.02691
1.02691
1.02693
1.02761
1.02751
1.02768
1.02767
1.02799
1.02804
1.02795
1.02807
1.02801
1.02799
1.11788
1.06082
1.02267
1.05452
1.0253
1.02501
1.02464
1.0265
1.03331
1.0233
1.02262
1.02149
1.02373
1.02717
1.03181
1.04306
1.01968
1.0192
1.01915
1.0188
1.01839
1.02465
1.02023
1.02547
1.01851
1.01677
1.01678
1.0164
1.0167
1.01675
1.01687
1.01688
1.01714
1.01728
1.01744
1.01744
1.01753
1.01917
1.02724
1.02051
1.02168
1.02461
1.02259
1.01985
1.02143
1.0269
1.02528
1.02404
1.02606
1.02474
1.0224
1.02097
1.02342
1.02393
1.02159
1.02111
1.02137
1.01891
1.02084
1.019
1.01903
1.01938
1.02493
1.02317
1.04848
1.04455
1.02331
1.02621
1.03037
1.03154
1.03062
1.0512
1.0491
1.03249
1.02915
1.02814
1.03388
1.02108
1.02133
1.01907
1.01944
1.01792
1.01898
1.01796
1.01816
1.01754
1.01753
1.01637
