6.16384
1.82451
1.58034
1.26691
1.2898
1.17248
1.25244
1.20746
1.22806
1.16447
1.16894
1.18819
1.24162
1.21681
1.18667
1.15659
1.14937
1.20089
1.1478
1.16445
1.1581
1.14113
1.16376
1.14952
1.20473
1.12976
1.16667
1.14672
1.14745
1.13572
1.14079
1.14607
1.1556
1.19362
1.14678
1.15522
1.32362
1.15433
1.17449
1.14466
1.17238
1.16052
1.22434
1.15451
1.15254
1.15202
1.1723
1.15589
1.18556
1.21482
1.15008
1.16356
1.15725
1.14255
1.14904
1.15034
1.21495
1.16696
1.17173
1.15876
1.15386
1.15163
1.16254
1.15591
1.15059
1.15604
1.15865
1.14978
1.21381
1.1759
1.18162
1.21132
1.15063
1.15857
1.16169
1.20613
1.18041
1.22393
1.12708
1.14309
1.15056
1.15853
1.14495
1.17493
1.20901
1.19238
1.18752
1.28999
1.16677
1.18833
1.15271
1.1686
1.17798
1.2096
1.191
1.22071
1.14549
1.20334
1.17619
1.19331
1.13422
1.18842
1.16615
1.19192
1.17663
1.21238
1.16645
1.18193
1.19277
1.16595
1.17925
1.1377
1.16692
1.19473
1.17768
1.13827
1.19857
1.16264
1.17606
1.20675
1.14149
1.18202
1.23094
1.21988
1.19024
