5.0599
1.74578
1.35753
1.29051
1.24045
1.2086
1.20798
1.17167
1.16294
1.168
1.17507
1.17471
1.22422
1.19257
1.15719
1.15812
1.15029
1.14981
1.15227
1.15403
1.1559
1.15774
1.16174
1.1863
1.19007
1.14839
1.18701
1.1509
1.14244
1.148
1.14384
1.14525
1.14673
1.14372
1.14324
1.1439
1.14459
1.14481
1.1467
1.14568
1.1899
1.16917
1.14396
1.12785
1.11914
1.12025
1.11754
1.11814
1.11809
1.12001
1.12137
1.12118
1.12151
1.12107
1.12136
1.11685
1.1333
1.15598
1.12827
1.12079
1.12231
1.12017
1.11706
1.11741
1.11577
1.11451
1.11566
1.11651
1.11502
1.11556
1.11308
1.11441
1.11513
1.11531
1.11573
1.11598
1.11592
1.11626
1.13703
1.17764
1.16099
1.12339
1.12205
1.1007
1.10048
1.09982
1.09963
1.09892
1.10258
1.10069
1.1003
1.10083
1.11338
1.1055
1.10688
1.10503
1.10214
1.1016
1.10173
1.10175
1.10284
1.10294
1.10256
1.10399
1.10475
1.10493
1.10532
1.10511
1.10579
1.10581
1.10576
1.10621
1.1061
1.10624
1.10606
1.10594
1.10597
1.1066
1.1092
1.10833
1.10816
1.11369
1.11646
1.10267
1.10119
