9.70312
3.38969
2.47572
2.11927
1.97431
2.01993
2.11751
2.19596
2.2331
2.27699
2.28098
2.33984
2.41455
2.43727
2.45003
2.50076
2.53427
2.67244
2.59157
2.61522
2.61672
2.57392
2.60929
2.64543
2.72259
2.70258
2.7471
2.69818
2.74018
2.69972
2.77835
2.74403
2.71882
2.96517
2.82132
2.79248
2.7949
2.86989
2.88574
2.97605
2.93157
3.02396
3.05603
3.06416
3.13752
3.112
3.15993
3.19101
3.19561
3.17482
3.19458
3.21904
3.36037
3.29266
3.18354
3.22993
3.19357
3.05497
3.17475
3.19735
3.10711
3.13835
3.23359
3.25454
3.43226
3.26793
3.24706
3.23008
3.21617
3.21508
3.30148
3.27573
3.33118
3.26978
3.34492
3.2076
3.34985
3.36421
3.54953
3.31491
3.37264
3.48696
3.50066
3.47525
3.4133
3.32442
3.42447
3.48339
3.40356
3.44924
3.52148
3.43309
3.42427
3.41416
3.46305
3.41891
3.27218
3.51623
3.50737
3.66514
3.67315
3.60721
3.8861
3.67064
3.59479
3.48801
3.53895
3.49707
3.51042
3.46353
3.58113
3.57512
3.63254
3.62984
3.64676
3.60436
3.67391
3.774
3.68691
3.51115
3.52024
3.58744
3.68482
3.64333
3.6501
