7.99749
3.28111
2.15649
1.65421
1.54171
1.46247
1.42238
1.43248
1.3672
1.49583
1.47897
1.43522
1.42483
1.45787
1.38921
1.41604
1.46005
1.43756
1.41141
1.40335
1.46256
1.39362
1.37712
1.39274
1.41631
1.4173
1.39302
1.39744
1.40235
1.41773
1.43682
1.47777
1.43253
1.49775
1.50819
1.44632
1.47109
1.38351
1.42499
1.40243
1.43023
1.43827
1.46769
1.64623
1.49206
1.4941
1.45341
1.42716
1.52264
1.46027
1.49213
1.46592
1.46664
1.51439
1.55757
1.55663
1.42997
1.45634
1.46346
1.46119
1.50272
1.50769
1.50824
1.49642
1.42215
1.42695
1.38217
1.37339
1.40247
1.4747
1.46635
1.54751
1.48259
1.47533
1.4428
1.45994
1.50563
1.44692
1.38669
1.44267
1.41407
1.41959
1.45609
1.41794
1.4792
1.53575
1.45349
1.43508
1.45906
1.44267
1.45334
1.44399
1.49453
1.41503
1.4398
1.473
1.45035
1.47284
1.51622
1.59593
1.45578
1.42152
1.39908
1.4497
1.45172
1.47015
1.45421
1.4392
1.49103
1.46825
1.45044
1.38776
1.46857
1.50422
1.52209
1.57376
1.53758
1.46122
1.4154
1.44439
1.51854
1.49759
1.45845
1.41253
1.47572
