8.08263
2.89832
1.77168
1.90123
1.4727
1.34096
1.24765
1.20517
1.3244
1.19114
1.16452
1.19263
1.26061
1.29616
1.19874
1.18108
1.1691
1.26063
1.19877
1.17312
1.16467
1.31317
1.18281
1.22157
1.20244
1.20079
1.18869
1.20899
1.15672
1.18293
1.16475
1.24909
1.18371
1.1674
1.18467
1.20273
1.18627
1.18765
1.20006
1.22521
1.20589
1.20603
1.20818
1.19448
1.18288
1.19016
1.18006
1.23002
1.21106
1.17672
1.21439
1.18034
1.17838
1.21156
1.15552
1.17122
1.17369
1.1824
1.17174
1.17202
1.18161
1.17518
1.19984
1.26053
1.18362
1.16309
1.16581
1.17752
1.16384
1.14313
1.13409
1.13568
1.1587
1.18651
1.16396
1.1842
1.15817
1.17409
1.17865
1.17602
1.18746
1.16139
1.16767
1.17708
1.1835
1.17423
1.17147
1.22503
1.19708
1.22627
1.18786
1.14468
1.1478
1.2334
1.20134
1.18296
1.16941
1.22752
1.1545
1.16059
1.18075
1.19097
1.23584
1.19796
1.20844
1.16049
1.19308
1.1745
1.15215
1.15638
1.15767
1.15938
1.16307
1.16001
1.18888
1.18993
1.17431
1.20301
1.18882
1.16756
1.18377
1.1787
1.17696
1.17785
1.19175
