7.66127
3.86964
1.89507
1.50755
1.34475
1.26463
1.24808
1.17812
1.17536
1.14219
1.13492
1.11591
1.13003
1.11177
1.10922
1.10569
1.09106
1.07852
1.09231
1.08028
1.07261
1.0944
1.07225
1.06171
1.05246
1.05303
1.06219
1.05102
1.04686
1.04844
1.04877
1.05949
1.05202
1.04932
1.04854
1.04997
1.05895
1.06012
1.05924
1.05745
1.05194
1.05344
1.05392
1.04867
1.04964
1.04937
1.05085
1.04496
1.0502
1.0444
1.06029
1.04509
1.0581
1.05033
1.05063
1.04269
1.04307
1.04914
1.06142
1.04483
1.04734
1.05428
1.05602
1.04674
1.0521
1.04529
1.03981
1.047
1.05222
1.05024
1.05293
1.05312
1.0465
1.04237
1.05454
1.05496
1.04639
1.04258
1.04282
1.03811
1.04097
1.05127
1.04151
1.0528
1.04417
1.03945
1.05802
1.0507
1.04309
1.04644
1.05534
1.04868
1.04792
1.03843
1.04172
1.04995
1.04848
1.04964
1.05092
1.04308
1.04583
1.04397
1.04394
1.05153
1.04125
1.04516
1.04709
1.04717
1.04696
1.05162
1.05422
1.05125
1.05253
1.05771
1.04771
1.04256
1.04139
1.04254
1.03894
1.03764
1.03989
1.03382
1.0401
1.04337
1.04483
