10.82
4.51958
2.35874
1.6675
1.56457
1.30379
1.21312
1.19645
1.11543
1.12284
1.09839
1.06447
1.06449
1.06257
1.07044
1.05017
1.06623
1.04807
1.04383
1.04181
1.04215
1.03252
1.03933
1.03239
1.05326
1.05129
1.04179
1.02675
1.06009
1.02699
1.03293
1.03321
1.04803
1.02641
1.04155
1.04667
1.038
1.04406
1.04009
1.02661
1.06288
1.03569
1.03828
1.03013
1.02587
1.0276
1.0373
1.04509
1.04913
1.04081
1.04432
1.04461
1.02551
1.03987
1.04037
1.03749
1.04822
1.03639
1.04288
1.04056
1.02521
1.03098
1.03088
1.04318
1.05008
1.02535
1.03123
1.02704
1.02588
1.03141
1.0293
1.02686
1.03389
1.02601
1.05886
1.02631
1.0347
1.02987
1.04532
1.02787
1.02624
1.03427
1.02857
1.02309
1.0336
1.02415
1.02622
1.03063
1.0293
1.0266
1.02853
1.02378
1.02699
1.03377
1.03324
1.0271
1.03088
1.03252
1.03219
1.02815
1.0306
1.04206
1.02851
1.03803
1.04528
1.05969
1.04452
1.03555
1.03668
1.02804
1.02906
1.04569
1.02711
1.02538
1.02873
1.02535
1.03651
1.02405
1.03698
1.03249
1.03987
1.02586
1.02606
1.03616
1.02747
