8.73462
2.02871
1.33747
1.20977
1.13005
1.28466
1.09901
1.06036
1.06279
1.05827
1.05332
1.04313
1.04054
1.04136
1.04036
1.04476
1.02117
1.04507
1.0204
1.02781
1.01755
1.02412
1.05306
1.02484
1.02657
1.0117
1.02446
1.02343
1.02179
1.02947
1.01405
1.01394
1.01787
1.01231
1.01329
1.0092
1.02041
1.01202
1.00924
1.01022
1.01673
1.03095
1.02682
1.01598
1.01099
1.02834
1.01215
1.02512
1.02055
1.0188
1.01301
1.17028
1.01705
1.03365
1.01016
1.00956
1.01231
1.01112
1.01212
1.01183
1.0146
1.01191
1.00857
1.00947
1.01138
1.02977
1.00699
1.02024
1.01948
1.013
1.01485
1.02163
1.02605
1.00687
1.00832
1.01173
1.03797
1.00622
1.00685
1.01393
1.00685
1.00985
1.0094
1.01234
1.00821
1.01017
1.00928
1.01204
1.00604
1.00976
1.00908
1.01493
1.00891
1.0127
1.01539
1.00809
1.01555
1.01519
1.01245
1.00866
1.03477
1.02059
1.00654
1.00801
1.00954
1.02368
1.00682
1.02646
1.00665
1.01748
1.0076
1.02159
1.0184
1.0136
1.0081
1.00714
1.00988
1.00788
1.00664
1.00812
1.00962
1.0086
1.00962
1.01651
1.01147
