8.31775
3.06456
2.05894
1.58675
1.59836
1.41916
1.29715
1.269
1.24177
1.20325
1.18695
1.16498
1.15349
1.16435
1.15688
1.13734
1.14519
1.11896
1.11347
1.10755
1.10732
1.10552
1.10143
1.10163
1.10631
1.11287
1.11834
1.10402
1.10185
1.1118
1.14685
1.10017
1.12388
1.09765
1.09921
1.09847
1.09339
1.11267
1.10775
1.0941
1.08552
1.08647
1.0857
1.09102
1.09961
1.1094
1.10239
1.10012
1.09567
1.09341
1.10021
1.08552
1.08778
1.09177
1.08836
1.08912
1.091
1.09936
1.09898
1.09129
1.1045
1.112
1.10247
1.09093
1.10422
1.09714
1.09798
1.09225
1.1032
1.09582
1.09962
1.09738
1.09077
1.08575
1.09812
1.0977
1.10569
1.1303
1.11944
1.11635
1.10557
1.11669
1.11877
1.10238
1.10867
1.10219
1.1103
1.10034
1.10976
1.11868
1.10195
1.10322
1.11383
1.11469
1.09766
1.11288
1.09759
1.11459
1.10667
1.10961
1.10501
1.10325
1.10057
1.09904
1.10692
1.11834
1.1035
1.09646
1.09451
1.09493
1.12025
1.1127
1.11542
1.09576
1.10265
1.09743
1.10252
1.11427
1.09975
1.10248
1.11099
1.11798
1.10902
1.10306
1.10544
