8.61828
3.43016
1.99843
1.3517
1.12186
1.04953
1.03528
1.02295
1.02344
1.01258
1.02155
1.00318
1.00439
1.00526
1.00699
1.00755
1.00581
1.00487
1.00642
1.00802
1.0036
1.00462
1.0004
1.00279
1.00728
1.00509
1.00068
1.00033
1.00018
1.00033
1.00053
1.00249
1.01672
1.00107
1.0004
1.01334
1.00257
1.00302
1.00195
1.00327
1.00613
1.00028
1.00361
1.00483
1.00014
1.00016
1.00392
1.00274
1.00023
1.00015
1.00167
1.00058
1.00087
1.0003
1.0002
1.00008
1.00008
1.0001
1.00007
1.00004
1.00351
1.03836
1.00032
1.01589
1.00044
1.0046
1.00019
1.00086
1.00202
1.00728
1.00044
1.00006
1.00007
1.00036
1.00538
1.00155
1.01049
1.00333
1.00018
1.00034
1.00012
1.00002
1.00002
1.00002
1.00002
1.00001
1.00001
1.00006
1.00001
1.00001
1.00001
1.00001
1.00001
1.00001
1.00001
1
1
1.00001
1.00452
1.02638
1.00473
1.00058
1.00034
1.00161
1.0001
1.00006
1.00173
1.00019
1.00106
1.00092
1.00013
1.00004
1.0003
1.00008
1.00013
1.00007
1.00316
1.00003
1.00001
1.00001
1.00001
1.02007
1.00071
1.00006
1.00002
