7.29707
2.27386
1.49155
1.2824
1.19701
1.1256
1.10165
1.07197
1.08495
1.05484
1.05818
1.04941
1.04578
1.05211
1.04231
1.04638
1.05158
1.03179
1.04257
1.03709
1.03309
1.04514
1.03414
1.04269
1.05217
1.02775
1.02925
1.02632
1.05885
1.0369
1.02632
1.02381
1.04542
1.02642
1.05268
1.0482
1.0305
1.03455
1.03332
1.04814
1.03358
1.0333
1.03606
1.02496
1.02889
1.03448
1.02392
1.05046
1.03402
1.0384
1.02929
1.02994
1.02563
1.02826
1.02491
1.02623
1.0369
1.01977
1.02629
1.03927
1.02185
1.02118
1.03858
1.04412
1.03095
1.02809
1.02043
1.03136
1.02821
1.05749
1.02481
1.02842
1.0385
1.03378
1.03809
1.05443
1.04496
1.03282
1.0392
1.03736
1.03126
1.03766
1.02941
1.03185
1.0269
1.02484
1.02951
1.02941
1.0293
1.03125
1.02676
1.03018
1.03311
1.02524
1.02488
1.02955
1.03198
1.02509
1.02761
1.02616
1.0312
1.03739
1.03546
1.03381
1.03381
1.02186
1.02815
1.02598
1.029
1.02622
1.02736
1.03665
1.04666
1.03828
1.05168
1.05189
1.03823
1.02741
1.06371
1.04447
1.03606
1.04689
1.04259
1.0281
1.0292
