6.35048
1.92011
1.36918
1.20737
1.17018
1.09493
1.06701
1.04699
1.04049
1.02157
1.02877
1.03351
1.01871
1.01473
1.00954
1.00873
1.00551
1.00448
1.00481
1.00519
1.00336
1.01835
1.01371
1.01207
1.00555
1.00626
1.00434
1.00304
1.00165
1.00231
1.0024
1.00871
1.0089
1.00442
1.00429
1.0024
1.02235
1.00369
1.00508
1.00153
1.00158
1.00132
1.00183
1.00206
1.00178
1.00117
1.00083
1.00104
1.00089
1.00063
1.00131
1.00141
1.00123
1.00122
1.00104
1.00223
1.03201
1.01522
1.00867
1.00532
1.00264
1.00303
1.00226
1.00174
1.00134
1.00284
1.00222
1.00125
1.00124
1.00151
1.00066
1.00129
1.00051
1.00062
1.00059
1.00089
1.00516
1.03983
1.00535
1.0049
1.00208
1.00182
1.00309
1.00138
1.0005
1.00079
1.00114
1.00109
1.00124
1.00091
1.00122
1.00101
1.00106
1.00134
1.00088
1.00071
1.00076
1.00067
1.00088
1.00083
1.00075
1.00088
1.00092
1.00084
1.00113
1.00109
1.00368
1.01874
1.0225
1.0028
1.00288
1.00188
1.00246
1.00301
1.00171
1.00096
1.00115
1.00143
1.00131
1.00165
1.00136
1.00121
1.00111
1.00181
1.00146
