11.5905
4.11063
2.30347
1.83654
1.62141
1.44196
1.38196
1.32381
1.30343
1.26768
1.23653
1.21571
1.20925
1.19874
1.18368
1.17381
1.16598
1.15096
1.15509
1.1477
1.14464
1.14392
1.14214
1.13778
1.14566
1.1362
1.13186
1.14359
1.12963
1.1331
1.12817
1.12712
1.12176
1.10474
1.13102
1.12322
1.1239
1.12263
1.12488
1.11467
1.11765
1.11225
1.11699
1.11157
1.1048
1.11098
1.11309
1.10999
1.11946
1.11618
1.10919
1.11917
1.13091
1.10801
1.10904
1.10195
1.11161
1.12312
1.11273
1.10849
1.11406
1.11456
1.10826
1.10583
1.09351
1.1086
1.10961
1.11993
1.13539
1.11638
1.1171
1.10172
1.09925
1.1003
1.10445
1.10202
1.10841
1.10381
1.10199
1.10753
1.11524
1.12306
1.12179
1.11109
1.12258
1.11201
1.10996
1.10958
1.1161
1.1056
1.1303
1.11328
1.10619
1.09673
1.09663
1.0965
1.10817
1.10674
1.11857
1.13146
1.13297
1.11516
1.1165
1.10816
1.11557
1.10867
1.12088
1.10709
1.11078
1.10868
1.10165
1.11032
1.10848
1.1106
1.09734
1.10764
1.10856
1.12086
1.11087
1.1212
1.11566
1.11103
1.093
1.11189
1.1082
