11.8083
3.41521
2.81463
2.0991
1.74016
1.61775
1.47687
1.4154
1.23792
1.27248
1.27981
1.16918
1.14089
1.15261
1.11414
1.10908
1.13724
1.10212
1.14173
1.13019
1.09805
1.08073
1.08721
1.0791
1.12013
1.07478
1.07241
1.08625
1.07573
1.0987
1.08718
1.07441
1.10016
1.07991
1.09823
1.06699
1.08264
1.07251
1.07097
1.07678
1.0653
1.06779
1.0669
1.10172
1.06822
1.07332
1.07418
1.0698
1.07692
1.07424
1.08332
1.08172
1.07554
1.06368
1.07835
1.06498
1.07896
1.07039
1.07289
1.07435
1.08535
1.09086
1.06796
1.07782
1.08289
1.07279
1.11488
1.10114
1.07513
1.09198
1.07333
1.0719
1.07241
1.07069
1.09029
1.06689
1.08056
1.07908
1.08849
1.09401
1.08656
1.08945
1.08091
1.10375
1.0988
1.10467
1.08341
1.09351
1.08626
1.08668
1.07825
1.07468
1.08315
1.07901
1.09175
1.0956
1.08429
1.08574
1.09409
1.09746
1.08156
1.10013
1.08823
1.0994
1.07593
1.08487
1.0864
1.09067
1.0771
1.07936
1.08581
1.10638
1.07766
1.07571
1.0824
1.10785
1.08648
1.09559
1.083
1.08625
1.10081
1.07816
1.09244
1.10328
1.09444
