9.66956
3.72674
1.80373
1.57415
1.39955
1.27126
1.15162
1.49424
1.36058
1.1052
1.05562
1.05836
1.07779
1.10477
1.07552
1.03859
1.0372
1.0476
1.0482
1.17773
1.04718
1.03994
1.03087
1.02173
1.04438
1.03017
1.02216
1.02024
1.02474
1.04112
1.04627
1.03963
1.04535
1.01416
1.01673
1.02076
1.01526
1.02993
1.01309
1.01966
1.01308
1.02078
1.01663
1.11555
1.02189
1.02298
1.04015
1.02403
1.0196
1.01796
1.01482
1.02763
1.01677
1.01352
1.02389
1.02471
1.01688
1.01402
1.01398
1.02361
1.01668
1.01949
1.01395
1.02122
1.01561
1.01412
1.02186
1.07427
1.01669
1.01764
1.02078
1.01826
1.01174
1.02839
1.03015
1.0139
1.01863
1.01762
1.01197
1.02078
1.01787
1.01395
1.03089
1.03247
1.00943
1.01472
1.01845
1.03472
1.01702
1.02751
1.01294
1.01365
1.01465
1.01579
1.01495
1.01845
1.015
1.01624
1.01852
1.01647
1.0111
1.00864
1.01049
1.01518
1.01534
1.01426
1.06267
1.04971
1.01267
1.03432
1.01783
1.01715
1.01365
1.0168
1.01441
1.01285
1.01628
1.01768
1.03201
1.02785
1.01967
1.01903
1.01314
1.0106
1.01138
